name=ПТСВ-5-3
serialnumber=080
Rtt=100.00315
a=-0.002181
b=0.000080
M=-0.002194
