name=NTC
a0=0.6453729520e-3
a1=2.234899610e-4
a2=0
a3=0.8754435726e-7
