name=NTC
a0=0.6953183065e-3
a1=2.162608363e-4
a2=0
a3=1.096507308e-7
