name=NTC
a0=-15.24189714e-3
a1=24.38172970e-4
a2=0
a3=-62.63687987e-7
