name=ТСП-ОМ
serialnumber=3212
Rtt=100.0219
a=-0.018520
b=-0.000295
M=0
